<?xml version="1.0" ?><ns2:com.thomsonreuters.ls.service.contract.soap.drugs.v2.StructureMolOutput xmlns:ns2="local"><Mols><Mol>
          12011513132D 1   1.00000     0.00000     0

 17 18  0     0  0            999 V2000
   -2.0339    0.4198    0.0000 C   0  0  0  0  0  0           0  0  0
   -1.3391    0.8361    0.0000 C   0  0  0  0  0  0           0  0  0
   -2.0339   -0.4090    0.0000 C   0  0  0  0  0  0           0  0  0
   -0.6262    0.4198    0.0000 C   0  0  0  0  0  0           0  0  0
   -1.3391   -0.8252    0.0000 N   0  0  0  0  0  0           0  0  0
   -0.6262   -0.4090    0.0000 C   0  0  0  0  0  0           0  0  0
    0.0832   -0.8179    0.0000 S   0  0  0  0  0  0           0  0  0
    0.8071   -0.4090    0.0000 C   0  0  0  0  0  0           0  0  0
    1.5056   -0.8179    0.0000 C   0  0  0  0  0  0           0  0  0
    2.2221   -0.4090    0.0000 C   0  0  0  0  0  0           0  0  0
    2.9062   -0.8686    0.0000 C   0  0  0  0  0  0           0  0  0
    2.5081    0.4018    0.0000 N   0  0  0  0  0  0           0  0  0
    3.5468   -0.3981    0.0000 N   0  0  0  0  0  0           0  0  0
    3.2681    0.4018    0.0000 C   0  0  0  0  0  0           0  0  0
   -2.7324    0.8324    0.0000 N   0  3  0  0  0  0           0  0  0
   -2.6926    1.6358    0.0000 O   0  0  0  0  0  0           0  0  0
   -3.4238    0.4271    0.0000 O   0  5  0  0  0  0           0  0  0
  2  4  1  0     0  0
  3  5  2  0     0  0
  4  6  2  0     0  0
  6  7  1  0     0  0
  7  8  1  0     0  0
  8  9  1  0     0  0
  9 10  1  0     0  0
 10 11  2  0     0  0
 10 12  1  0     0  0
 11 13  1  0     0  0
 12 14  2  0     0  0
  5  6  1  0     0  0
 13 14  1  0     0  0
  1  2  2  0     0  0
  1  3  1  0     0  0
 15 16  2  0     0  0
 15 17  1  0     0  0
  1 15  1  0     0  0
M  CHG  2  15   1  17  -1
M  STY  1   1 SUP
M  SLB  1   1   1
M  SAL   1  3  15  16  17
M  SBL   1  1  18
M  SMT   1 O2N
M  END
</Mol></Mols></ns2:com.thomsonreuters.ls.service.contract.soap.drugs.v2.StructureMolOutput>