<?xml version="1.0" ?><ns2:com.thomsonreuters.ls.service.contract.soap.drugs.v2.StructureMolOutput xmlns:ns2="local"><Mols><Mol>
          12011510442D 1   1.00000     0.00000     0

 46 48  0     0  0            999 V2000
   -2.3653    0.1504    0.0000 C   0  0  0  0  0  0           0  0  0
   -1.6663    0.5771    0.0000 C   0  0  0  0  0  0           0  0  0
   -2.3653   -0.7071    0.0000 C   0  0  0  0  0  0           0  0  0
   -3.0683    0.5446    0.0000 C   0  0  0  0  0  0           0  0  0
   -0.9591    0.1544    0.0000 N   0  0  0  0  0  0           0  0  0
   -1.6663    1.3818    0.0000 N   0  0  0  0  0  0           0  0  0
   -3.0683   -1.1095    0.0000 C   0  0  0  0  0  0           0  0  0
   -1.6663   -1.1095    0.0000 O   0  0  0  0  0  0           0  0  0
   -3.7836    0.1504    0.0000 C   0  0  0  0  0  0           0  0  0
   -0.2520    0.5771    0.0000 C   0  0  0  0  0  0           0  0  0
   -0.9591    1.8248    0.0000 C   0  0  0  0  0  0           0  0  0
   -3.7836   -0.7071    0.0000 C   0  0  0  0  0  0           0  0  0
   -1.6621   -1.9345    0.0000 C   0  0  0  0  0  0           0  0  0
   -4.4907    0.5771    0.0000 S   0  0  3  0  0  0           0  0  0
   -0.2520    1.4021    0.0000 C   0  0  0  0  0  0           0  0  0
    0.5649    0.3008    0.0000 C   0  0  0  0  0  0           0  0  0
   -0.9591    2.6457    0.0000 O   0  0  0  0  0  0           0  0  0
   -0.9469   -2.3450    0.0000 C   0  0  0  0  0  0           0  0  0
   -5.2101    0.1504    0.0000 N   0  0  3  0  0  0           0  0  0
   -3.8202    1.0973    0.0000 O   0  0  0  0  0  0           0  0  0
   -5.1410    1.0973    0.0000 O   0  0  0  0  0  0           0  0  0
    0.5649    1.6419    0.0000 N   0  0  3  0  0  0           0  0  0
    1.0323    0.9917    0.0000 N   0  0  0  0  0  0           0  0  0
    0.5649   -0.5202    0.0000 C   0  0  0  0  0  0           0  0  0
   -5.2101   -0.6869    0.0000 C   0  0  0  0  0  0           0  0  0
   -5.9335    0.5771    0.0000 C   0  0  0  0  0  0           0  0  0
    0.8819    2.4222    0.0000 C   0  0  0  0  0  0           0  0  0
    1.2843   -0.9389    0.0000 C   0  0  0  0  0  0           0  0  0
   -5.9335   -1.0973    0.0000 C   0  0  0  0  0  0           0  0  0
   -6.6488    0.1504    0.0000 C   0  0  0  0  0  0           0  0  0
    2.0036   -0.5284    0.0000 C   0  0  0  0  0  0           0  0  0
   -6.6488   -0.6869    0.0000 N   0  0  3  0  0  0           0  0  0
   -7.3559   -1.0810    0.0000 C   0  0  0  0  0  0           0  0  0
    5.8847   -0.3698    0.0000 C   0  0  3  0  0  0           0  0  0
    5.4946   -1.1135    0.0000 C   0  0  0  0  0  0           0  0  0
    5.4946    0.3089    0.0000 C   0  0  0  0  0  0           0  0  0
    4.9784   -0.3698    0.0000 O   0  0  0  0  0  0           0  0  0
    6.7016   -0.3698    0.0000 C   0  0  0  0  0  0           0  0  0
    5.8847    1.0486    0.0000 C   0  0  0  0  0  0           0  0  0
    5.8847   -1.7923    0.0000 C   0  0  0  0  0  0           0  0  0
    6.7300    1.0486    0.0000 O   0  0  0  0  0  0           0  0  0
    5.4498    1.7597    0.0000 O   0  0  0  0  0  0           0  0  0
    7.1121   -1.1135    0.0000 O   0  0  0  0  0  0           0  0  0
    7.1121    0.3089    0.0000 O   0  0  0  0  0  0           0  0  0
    6.7300   -1.7923    0.0000 O   0  0  0  0  0  0           0  0  0
    5.4498   -2.5197    0.0000 O   0  0  0  0  0  0           0  0  0
  8 13  1  0     0  0
  9 14  1  0     0  0
 10 15  2  0     0  0
 10 16  1  0     0  0
 11 17  2  0     0  0
 13 18  1  0     0  0
 14 19  1  0     0  0
 14 20  2  0     0  0
 14 21  2  0     0  0
 15 22  1  0     0  0
 16 23  2  0     0  0
 16 24  1  0     0  0
 19 25  1  0     0  0
 19 26  1  0     0  0
 22 27  1  0     0  0
 24 28  1  0     0  0
 25 29  1  0     0  0
 26 30  1  0     0  0
 28 31  1  0     0  0
 29 32  1  0     0  0
 32 33  1  0     0  0
  9 12  1  0     0  0
 11 15  1  0     0  0
 22 23  1  0     0  0
 30 32  1  0     0  0
  1  2  1  0     0  0
  1  3  2  0     0  0
 34 35  1  0     0  0
 34 36  1  0     0  0
 34 37  1  0     0  0
  1  4  1  0     0  0
  2  5  2  0     0  0
  2  6  1  0     0  0
  3  7  1  0     0  0
  3  8  1  0     0  0
  4  9  2  0     0  0
  5 10  1  0     0  0
  6 11  1  0     0  0
  7 12  2  0     0  0
 39 41  1  0     0  0
 39 42  2  0     0  0
 36 39  1  0     0  0
 38 43  1  0     0  0
 38 44  2  0     0  0
 34 38  1  0     0  0
 40 45  1  0     0  0
 40 46  2  0     0  0
 35 40  1  0     0  0
M  STY  3   1 SUP   2 SUP   3 SUP
M  SLB  3   1   1   2   2   3   3
M  SAL   1  3  39  41  42
M  SBL   1  1  42
M  SMT   1 CO2H
M  SAL   2  3  38  43  44
M  SBL   2  1  45
M  SMT   2 CO2H
M  SAL   3  3  40  45  46
M  SBL   3  1  48
M  SMT   3 CO2H
M  END
</Mol><Mol>
          07161816372D 1   1.00000     0.00000     0

 33 36  0     0  0            999 V2000
   12.3440  -47.7718    0.0000 C   0  0  0  0  0  0           0  0  0
   13.3409  -47.1667    0.0000 C   0  0  0  0  0  0           0  0  0
   12.3440  -48.9911    0.0000 C   0  0  0  0  0  0           0  0  0
   11.3475  -47.2111    0.0000 C   0  0  0  0  0  0           0  0  0
   14.3560  -47.7722    0.0000 N   0  0  0  0  0  0           0  0  0
   13.3409  -46.0184    0.0000 N   0  0  0  0  0  0           0  0  0
   11.3475  -49.5700    0.0000 C   0  0  0  0  0  0           0  0  0
   13.3409  -49.5700    0.0000 O   0  0  0  0  0  0           0  0  0
   10.3329  -47.7718    0.0000 C   0  0  0  0  0  0           0  0  0
   15.3617  -47.1667    0.0000 C   0  0  0  0  0  0           0  0  0
   14.3560  -45.3864    0.0000 C   0  0  0  0  0  0           0  0  0
   10.3329  -48.9911    0.0000 C   0  0  0  0  0  0           0  0  0
   13.3409  -50.7449    0.0000 C   0  0  0  0  0  0           0  0  0
   15.3617  -45.9918    0.0000 C   0  0  0  0  0  0           0  0  0
   16.5186  -47.5582    0.0000 C   0  0  0  0  0  0           0  0  0
   14.3560  -44.2206    0.0000 O   0  0  0  0  0  0           0  0  0
   14.3739  -51.3325    0.0000 C   0  0  0  0  0  0           0  0  0
    8.2943  -47.7718    0.0000 N   0  0  3  0  0  0           0  0  0
   16.5186  -45.6537    0.0000 N   0  0  3  0  0  0           0  0  0
   17.1863  -46.5793    0.0000 N   0  0  0  0  0  0           0  0  0
   16.5186  -48.7334    0.0000 C   0  0  0  0  0  0           0  0  0
    8.2943  -48.9648    0.0000 C   0  0  0  0  0  0           0  0  0
    7.2710  -47.1667    0.0000 C   0  0  0  0  0  0           0  0  0
   16.9726  -44.5411    0.0000 C   0  0  0  0  0  0           0  0  0
   17.5422  -49.3208    0.0000 C   0  0  0  0  0  0           0  0  0
    7.2710  -49.5522    0.0000 C   0  0  0  0  0  0           0  0  0
    6.2603  -47.7718    0.0000 C   0  0  0  0  0  0           0  0  0
   18.5750  -48.7424    0.0000 C   0  0  0  0  0  0           0  0  0
    6.2603  -48.9648    0.0000 N   0  0  3  0  0  0           0  0  0
    5.2492  -49.5253    0.0000 C   0  0  0  0  0  0           0  0  0
    9.3180  -47.1667    0.0000 S   0  0  3  0  0  0           0  0  0
    9.9107  -46.1446    0.0000 O   0  0  0  0  0  0           0  0  0
    8.7292  -46.1423    0.0000 O   0  0  0  0  0  0           0  0  0
  8 13  1  0     0  0
  9 31  1  0     0  0
 10 14  2  0     0  0
 10 15  1  0     0  0
 11 16  2  0     0  0
 13 17  1  0     0  0
 31 18  1  0     0  0
 14 19  1  0     0  0
 15 20  2  0     0  0
 15 21  1  0     0  0
 18 22  1  0     0  0
 18 23  1  0     0  0
 19 24  1  0     0  0
 21 25  1  0     0  0
 22 26  1  0     0  0
 23 27  1  0     0  0
 25 28  1  0     0  0
 26 29  1  0     0  0
 29 30  1  0     0  0
  9 12  1  0     0  0
 11 14  1  0     0  0
 19 20  1  0     0  0
 27 29  1  0     0  0
  1  2  1  0     0  0
  1  3  2  0     0  0
  1  4  1  0     0  0
  2  5  2  0     0  0
  2  6  1  0     0  0
  3  7  1  0     0  0
  3  8  1  0     0  0
  4  9  2  0     0  0
  5 10  1  0     0  0
  6 11  1  0     0  0
  7 12  2  0     0  0
 32 31  2  0     0  0
 31 33  2  0     0  0
M  END
</Mol></Mols></ns2:com.thomsonreuters.ls.service.contract.soap.drugs.v2.StructureMolOutput>