<?xml version="1.0" ?><ns2:com.thomsonreuters.ls.service.contract.soap.drugs.v2.StructureMolOutput xmlns:ns2="local"><Mols><Mol>
          12011513092D 1   1.00000     0.00000     0

 24 27  0     1  0            999 V2000
    1.5150    0.4006    0.0000 N   0  0  3  0  0  0           0  0  0
    0.8090   -0.0118    0.0000 C   0  0  0  0  0  0           0  0  0
    2.1814   -0.0873    0.0000 C   0  0  0  0  0  0           0  0  0
    1.7808    1.1898    0.0000 C   0  0  0  0  0  0           0  0  0
    0.0873    0.4006    0.0000 C   0  0  0  0  0  0           0  0  0
    0.8090   -0.8368    0.0000 C   0  0  0  0  0  0           0  0  0
    2.8635    0.4006    0.0000 C   0  0  1  0  0  0           0  0  0
    2.6256    1.1898    0.0000 O   0  0  0  0  0  0           0  0  0
    1.3048    1.8441    0.0000 O   0  0  0  0  0  0           0  0  0
   -0.6266   -0.0118    0.0000 C   0  0  0  0  0  0           0  0  0
    0.0873   -1.2374    0.0000 C   0  0  0  0  0  0           0  0  0
    3.5496    0.0079    0.0000 C   0  0  0  0  0  0           0  0  0
   -0.6266   -0.8368    0.0000 C   0  0  0  0  0  0           0  0  0
   -1.3604    0.4006    0.0000 C   0  0  0  0  0  0           0  0  0
    4.2753    0.4283    0.0000 O   0  0  0  0  0  0           0  0  0
   -1.3604   -1.2374    0.0000 C   0  0  0  0  0  0           0  0  0
   -2.0664   -0.0118    0.0000 C   0  0  0  0  0  0           0  0  0
    4.9972    0.0079    0.0000 C   0  0  0  0  0  0           0  0  0
   -2.0664   -0.8487    0.0000 C   0  0  0  0  0  0           0  0  0
   -2.7604   -1.2493    0.0000 O   0  0  0  0  0  0           0  0  0
   -3.4940   -0.8487    0.0000 C   0  0  0  0  0  0           0  0  0
   -4.2079   -1.2493    0.0000 C   0  0  3  0  0  0           0  0  0
   -4.9972   -1.2493    0.0000 C   0  0  0  0  0  0           0  0  0
   -4.6918   -1.9434    0.0000 C   0  0  0  0  0  0           0  0  0
  1  2  1  0     0  0
  1  3  1  0     0  0
  1  4  1  0     0  0
  2  5  2  0     0  0
  2  6  1  0     0  0
  3  7  1  0     0  0
  4  8  1  0     0  0
  4  9  2  0     0  0
  5 10  1  0     0  0
  6 11  2  0     0  0
  7 12  1  1     0  0
 10 13  2  0     0  0
 10 14  1  0     0  0
 12 15  1  0     0  0
 13 16  1  0     0  0
 14 17  2  0     0  0
 15 18  1  0     0  0
 16 19  2  0     0  0
 19 20  1  0     0  0
 20 21  1  0     0  0
 21 22  1  0     0  0
 22 23  1  0     0  0
 22 24  1  0     0  0
  7  8  1  0     0  0
 11 13  1  0     0  0
 17 19  1  0     0  0
 23 24  1  0     0  0
M  END
</Mol></Mols></ns2:com.thomsonreuters.ls.service.contract.soap.drugs.v2.StructureMolOutput>